100 174
1
1
1
1
1
1
1
1
1
1
1
1
1
1
1
1
1
1
1
1
1
1
1
1
1
1
1
1
1
1
1
1
1
1
1
1
1
1
1
1
1
1
1
1
1
1
1
1
1
1
1
1
1
1
1
1
1
1
1
1
1
1
1
1
1
1
1
1
1
1
1
1
1
1
1
1
1
1
1
1
1
1
1
1
1
1
1
1
1
1
1
1
1
1
1
1
1
1
1
1
1 0
11 1
12 1
10 1
13 2
1 2
4 3
2 3
14 4
16 5
4 5
7 6
15 6
8 7
19 9
18 9
21 10
10 11
22 12
11 12
14 13
4 13
24 14
3 14
25 15
16 15
14 15
7 17
18 17
16 17
29 18
27 18
29 19
31 20
12 21
32 21
32 22
13 22
21 22
24 23
14 23
34 23
15 24
35 24
13 24
16 25
34 25
16 26
27 26
25 26
38 27
36 27
19 28
17 28
20 30
40 30
32 31
42 32
23 32
34 33
24 33
42 33
26 35
34 35
35 36
28 37
48 38
39 38
49 38
37 38
47 38
49 39
31 40
51 41
52 42
53 43
52 43
54 44
33 44
55 45
56 45
47 46
37 46
45 46
57 47
56 47
49 48
47 48
37 48
51 50
61 50
60 51
62 52
41 52
44 53
52 53
55 54
56 55
44 55
65 56
67 57
56 57
66 57
48 58
47 58
49 59
50 60
71 60
60 61
73 62
73 63
64 63
54 63
62 63
65 64
55 64
53 64
73 64
66 65
56 66
55 66
77 67
78 67
66 67
76 67
78 68
69 68
79 68
67 68
57 68
59 69
78 69
60 70
71 70
81 70
61 71
62 71
73 72
63 74
66 76
88 77
76 77
66 77
88 78
69 79
88 79
81 80
91 81
82 81
92 81
92 82
93 83
74 84
94 84
85 84
95 84
75 85
76 85
96 86
87 86
77 86
97 86
75 86
89 88
80 90
91 90
81 90
92 91
93 92
94 93
97 96
87 96
88 98
97 98
