200 4555
1
1
1
1
1
1
1
1
1
1
1
1
1
1
1
1
1
1
1
1
1
1
1
1
1
1
1
1
1
1
1
1
1
1
1
1
1
1
1
1
1
1
1
1
1
1
1
1
1
1
1
1
1
1
1
1
1
1
1
1
1
1
1
1
1
1
1
1
1
1
1
1
1
1
1
1
1
1
1
1
1
1
1
1
1
1
1
1
1
1
1
1
1
1
1
1
1
1
1
1
1
1
1
1
1
1
1
1
1
1
1
1
1
1
1
1
1
1
1
1
1
1
1
1
1
1
1
1
1
1
1
1
1
1
1
1
1
1
1
1
1
1
1
1
1
1
1
1
1
1
1
1
1
1
1
1
1
1
1
1
1
1
1
1
1
1
1
1
1
1
1
1
1
1
1
1
1
1
1
1
1
1
1
1
1
1
1
1
1
1
1
1
1
1
1
1
1
1
1
1
0 1
1 2
2 3
3 4
4 5
5 6
6 7
7 8
8 9
9 10
10 11
11 12
12 13
13 14
14 15
15 16
16 17
17 18
18 19
19 20
20 21
21 22
22 23
23 24
24 25
25 26
26 27
27 28
28 29
29 30
30 31
31 32
32 33
33 34
34 35
35 36
36 37
37 38
38 39
39 40
40 41
41 42
42 43
43 44
44 45
45 46
46 47
47 48
48 49
49 50
50 51
51 52
52 53
53 54
54 55
55 56
56 57
57 58
58 59
59 60
60 61
61 62
62 63
63 64
64 65
65 66
66 67
67 68
68 69
69 70
70 71
71 72
72 73
73 74
74 75
75 76
76 77
77 78
78 79
79 80
80 81
81 82
82 83
83 84
84 85
85 86
86 87
87 88
88 89
89 90
90 91
91 92
92 93
93 94
94 95
95 96
96 97
97 98
98 99
99 100
100 101
101 102
102 103
103 104
104 105
105 106
106 107
107 108
108 109
109 110
110 111
111 112
112 113
113 114
114 115
115 116
116 117
117 118
118 119
119 120
120 121
121 122
122 123
123 124
124 125
125 126
126 127
127 128
128 129
129 130
130 131
131 132
132 133
133 134
0 134
135 0
135 2
135 4
135 6
135 8
135 10
135 12
135 14
135 16
135 18
135 20
135 22
135 24
135 26
135 28
135 30
135 32
135 34
135 36
135 38
135 40
135 42
135 44
135 46
135 48
135 50
135 52
135 54
135 56
135 58
135 60
135 62
135 64
135 66
135 68
135 70
135 72
135 74
135 76
135 78
135 80
135 82
135 84
135 86
135 88
135 90
135 92
135 94
135 96
135 98
135 100
135 102
135 104
135 106
135 108
135 110
135 112
135 114
135 116
135 118
135 120
135 122
135 124
135 126
135 128
135 130
135 132
135 134
136 0
136 2
136 4
136 6
136 8
136 10
136 12
136 14
136 16
136 18
136 20
136 22
136 24
136 26
136 28
136 30
136 32
136 34
136 36
136 38
136 40
136 42
136 44
136 46
136 48
136 50
136 52
136 54
136 56
136 58
136 60
136 62
136 64
136 66
136 68
136 70
136 72
136 74
136 76
136 78
136 80
136 82
136 84
136 86
136 88
136 90
136 92
136 94
136 96
136 98
136 100
136 102
136 104
136 106
136 108
136 110
136 112
136 114
136 116
136 118
136 120
136 122
136 124
136 126
136 128
136 130
136 132
136 134
137 0
137 2
137 4
137 6
137 8
137 10
137 12
137 14
137 16
137 18
137 20
137 22
137 24
137 26
137 28
137 30
137 32
137 34
137 36
137 38
137 40
137 42
137 44
137 46
137 48
137 50
137 52
137 54
137 56
137 58
137 60
137 62
137 64
137 66
137 68
137 70
137 72
137 74
137 76
137 78
137 80
137 82
137 84
137 86
137 88
137 90
137 92
137 94
137 96
137 98
137 100
137 102
137 104
137 106
137 108
137 110
137 112
137 114
137 116
137 118
137 120
137 122
137 124
137 126
137 128
137 130
137 132
137 134
138 0
138 2
138 4
138 6
138 8
138 10
138 12
138 14
138 16
138 18
138 20
138 22
138 24
138 26
138 28
138 30
138 32
138 34
138 36
138 38
138 40
138 42
138 44
138 46
138 48
138 50
138 52
138 54
138 56
138 58
138 60
138 62
138 64
138 66
138 68
138 70
138 72
138 74
138 76
138 78
138 80
138 82
138 84
138 86
138 88
138 90
138 92
138 94
138 96
138 98
138 100
138 102
138 104
138 106
138 108
138 110
138 112
138 114
138 116
138 118
138 120
138 122
138 124
138 126
138 128
138 130
138 132
138 134
139 0
139 2
139 4
139 6
139 8
139 10
139 12
139 14
139 16
139 18
139 20
139 22
139 24
139 26
139 28
139 30
139 32
139 34
139 36
139 38
139 40
139 42
139 44
139 46
139 48
139 50
139 52
139 54
139 56
139 58
139 60
139 62
139 64
139 66
139 68
139 70
139 72
139 74
139 76
139 78
139 80
139 82
139 84
139 86
139 88
139 90
139 92
139 94
139 96
139 98
139 100
139 102
139 104
139 106
139 108
139 110
139 112
139 114
139 116
139 118
139 120
139 122
139 124
139 126
139 128
139 130
139 132
139 134
140 0
140 2
140 4
140 6
140 8
140 10
140 12
140 14
140 16
140 18
140 20
140 22
140 24
140 26
140 28
140 30
140 32
140 34
140 36
140 38
140 40
140 42
140 44
140 46
140 48
140 50
140 52
140 54
140 56
140 58
140 60
140 62
140 64
140 66
140 68
140 70
140 72
140 74
140 76
140 78
140 80
140 82
140 84
140 86
140 88
140 90
140 92
140 94
140 96
140 98
140 100
140 102
140 104
140 106
140 108
140 110
140 112
140 114
140 116
140 118
140 120
140 122
140 124
140 126
140 128
140 130
140 132
140 134
141 0
141 2
141 4
141 6
141 8
141 10
141 12
141 14
141 16
141 18
141 20
141 22
141 24
141 26
141 28
141 30
141 32
141 34
141 36
141 38
141 40
141 42
141 44
141 46
141 48
141 50
141 52
141 54
141 56
141 58
141 60
141 62
141 64
141 66
141 68
141 70
141 72
141 74
141 76
141 78
141 80
141 82
141 84
141 86
141 88
141 90
141 92
141 94
141 96
141 98
141 100
141 102
141 104
141 106
141 108
141 110
141 112
141 114
141 116
141 118
141 120
141 122
141 124
141 126
141 128
141 130
141 132
141 134
142 0
142 2
142 4
142 6
142 8
142 10
142 12
142 14
142 16
142 18
142 20
142 22
142 24
142 26
142 28
142 30
142 32
142 34
142 36
142 38
142 40
142 42
142 44
142 46
142 48
142 50
142 52
142 54
142 56
142 58
142 60
142 62
142 64
142 66
142 68
142 70
142 72
142 74
142 76
142 78
142 80
142 82
142 84
142 86
142 88
142 90
142 92
142 94
142 96
142 98
142 100
142 102
142 104
142 106
142 108
142 110
142 112
142 114
142 116
142 118
142 120
142 122
142 124
142 126
142 128
142 130
142 132
142 134
143 0
143 2
143 4
143 6
143 8
143 10
143 12
143 14
143 16
143 18
143 20
143 22
143 24
143 26
143 28
143 30
143 32
143 34
143 36
143 38
143 40
143 42
143 44
143 46
143 48
143 50
143 52
143 54
143 56
143 58
143 60
143 62
143 64
143 66
143 68
143 70
143 72
143 74
143 76
143 78
143 80
143 82
143 84
143 86
143 88
143 90
143 92
143 94
143 96
143 98
143 100
143 102
143 104
143 106
143 108
143 110
143 112
143 114
143 116
143 118
143 120
143 122
143 124
143 126
143 128
143 130
143 132
143 134
144 0
144 2
144 4
144 6
144 8
144 10
144 12
144 14
144 16
144 18
144 20
144 22
144 24
144 26
144 28
144 30
144 32
144 34
144 36
144 38
144 40
144 42
144 44
144 46
144 48
144 50
144 52
144 54
144 56
144 58
144 60
144 62
144 64
144 66
144 68
144 70
144 72
144 74
144 76
144 78
144 80
144 82
144 84
144 86
144 88
144 90
144 92
144 94
144 96
144 98
144 100
144 102
144 104
144 106
144 108
144 110
144 112
144 114
144 116
144 118
144 120
144 122
144 124
144 126
144 128
144 130
144 132
144 134
145 0
145 2
145 4
145 6
145 8
145 10
145 12
145 14
145 16
145 18
145 20
145 22
145 24
145 26
145 28
145 30
145 32
145 34
145 36
145 38
145 40
145 42
145 44
145 46
145 48
145 50
145 52
145 54
145 56
145 58
145 60
145 62
145 64
145 66
145 68
145 70
145 72
145 74
145 76
145 78
145 80
145 82
145 84
145 86
145 88
145 90
145 92
145 94
145 96
145 98
145 100
145 102
145 104
145 106
145 108
145 110
145 112
145 114
145 116
145 118
145 120
145 122
145 124
145 126
145 128
145 130
145 132
145 134
146 0
146 2
146 4
146 6
146 8
146 10
146 12
146 14
146 16
146 18
146 20
146 22
146 24
146 26
146 28
146 30
146 32
146 34
146 36
146 38
146 40
146 42
146 44
146 46
146 48
146 50
146 52
146 54
146 56
146 58
146 60
146 62
146 64
146 66
146 68
146 70
146 72
146 74
146 76
146 78
146 80
146 82
146 84
146 86
146 88
146 90
146 92
146 94
146 96
146 98
146 100
146 102
146 104
146 106
146 108
146 110
146 112
146 114
146 116
146 118
146 120
146 122
146 124
146 126
146 128
146 130
146 132
146 134
147 0
147 2
147 4
147 6
147 8
147 10
147 12
147 14
147 16
147 18
147 20
147 22
147 24
147 26
147 28
147 30
147 32
147 34
147 36
147 38
147 40
147 42
147 44
147 46
147 48
147 50
147 52
147 54
147 56
147 58
147 60
147 62
147 64
147 66
147 68
147 70
147 72
147 74
147 76
147 78
147 80
147 82
147 84
147 86
147 88
147 90
147 92
147 94
147 96
147 98
147 100
147 102
147 104
147 106
147 108
147 110
147 112
147 114
147 116
147 118
147 120
147 122
147 124
147 126
147 128
147 130
147 132
147 134
148 0
148 2
148 4
148 6
148 8
148 10
148 12
148 14
148 16
148 18
148 20
148 22
148 24
148 26
148 28
148 30
148 32
148 34
148 36
148 38
148 40
148 42
148 44
148 46
148 48
148 50
148 52
148 54
148 56
148 58
148 60
148 62
148 64
148 66
148 68
148 70
148 72
148 74
148 76
148 78
148 80
148 82
148 84
148 86
148 88
148 90
148 92
148 94
148 96
148 98
148 100
148 102
148 104
148 106
148 108
148 110
148 112
148 114
148 116
148 118
148 120
148 122
148 124
148 126
148 128
148 130
148 132
148 134
149 0
149 2
149 4
149 6
149 8
149 10
149 12
149 14
149 16
149 18
149 20
149 22
149 24
149 26
149 28
149 30
149 32
149 34
149 36
149 38
149 40
149 42
149 44
149 46
149 48
149 50
149 52
149 54
149 56
149 58
149 60
149 62
149 64
149 66
149 68
149 70
149 72
149 74
149 76
149 78
149 80
149 82
149 84
149 86
149 88
149 90
149 92
149 94
149 96
149 98
149 100
149 102
149 104
149 106
149 108
149 110
149 112
149 114
149 116
149 118
149 120
149 122
149 124
149 126
149 128
149 130
149 132
149 134
150 0
150 2
150 4
150 6
150 8
150 10
150 12
150 14
150 16
150 18
150 20
150 22
150 24
150 26
150 28
150 30
150 32
150 34
150 36
150 38
150 40
150 42
150 44
150 46
150 48
150 50
150 52
150 54
150 56
150 58
150 60
150 62
150 64
150 66
150 68
150 70
150 72
150 74
150 76
150 78
150 80
150 82
150 84
150 86
150 88
150 90
150 92
150 94
150 96
150 98
150 100
150 102
150 104
150 106
150 108
150 110
150 112
150 114
150 116
150 118
150 120
150 122
150 124
150 126
150 128
150 130
150 132
150 134
151 0
151 2
151 4
151 6
151 8
151 10
151 12
151 14
151 16
151 18
151 20
151 22
151 24
151 26
151 28
151 30
151 32
151 34
151 36
151 38
151 40
151 42
151 44
151 46
151 48
151 50
151 52
151 54
151 56
151 58
151 60
151 62
151 64
151 66
151 68
151 70
151 72
151 74
151 76
151 78
151 80
151 82
151 84
151 86
151 88
151 90
151 92
151 94
151 96
151 98
151 100
151 102
151 104
151 106
151 108
151 110
151 112
151 114
151 116
151 118
151 120
151 122
151 124
151 126
151 128
151 130
151 132
151 134
152 0
152 2
152 4
152 6
152 8
152 10
152 12
152 14
152 16
152 18
152 20
152 22
152 24
152 26
152 28
152 30
152 32
152 34
152 36
152 38
152 40
152 42
152 44
152 46
152 48
152 50
152 52
152 54
152 56
152 58
152 60
152 62
152 64
152 66
152 68
152 70
152 72
152 74
152 76
152 78
152 80
152 82
152 84
152 86
152 88
152 90
152 92
152 94
152 96
152 98
152 100
152 102
152 104
152 106
152 108
152 110
152 112
152 114
152 116
152 118
152 120
152 122
152 124
152 126
152 128
152 130
152 132
152 134
153 0
153 2
153 4
153 6
153 8
153 10
153 12
153 14
153 16
153 18
153 20
153 22
153 24
153 26
153 28
153 30
153 32
153 34
153 36
153 38
153 40
153 42
153 44
153 46
153 48
153 50
153 52
153 54
153 56
153 58
153 60
153 62
153 64
153 66
153 68
153 70
153 72
153 74
153 76
153 78
153 80
153 82
153 84
153 86
153 88
153 90
153 92
153 94
153 96
153 98
153 100
153 102
153 104
153 106
153 108
153 110
153 112
153 114
153 116
153 118
153 120
153 122
153 124
153 126
153 128
153 130
153 132
153 134
154 0
154 2
154 4
154 6
154 8
154 10
154 12
154 14
154 16
154 18
154 20
154 22
154 24
154 26
154 28
154 30
154 32
154 34
154 36
154 38
154 40
154 42
154 44
154 46
154 48
154 50
154 52
154 54
154 56
154 58
154 60
154 62
154 64
154 66
154 68
154 70
154 72
154 74
154 76
154 78
154 80
154 82
154 84
154 86
154 88
154 90
154 92
154 94
154 96
154 98
154 100
154 102
154 104
154 106
154 108
154 110
154 112
154 114
154 116
154 118
154 120
154 122
154 124
154 126
154 128
154 130
154 132
154 134
155 0
155 2
155 4
155 6
155 8
155 10
155 12
155 14
155 16
155 18
155 20
155 22
155 24
155 26
155 28
155 30
155 32
155 34
155 36
155 38
155 40
155 42
155 44
155 46
155 48
155 50
155 52
155 54
155 56
155 58
155 60
155 62
155 64
155 66
155 68
155 70
155 72
155 74
155 76
155 78
155 80
155 82
155 84
155 86
155 88
155 90
155 92
155 94
155 96
155 98
155 100
155 102
155 104
155 106
155 108
155 110
155 112
155 114
155 116
155 118
155 120
155 122
155 124
155 126
155 128
155 130
155 132
155 134
156 0
156 2
156 4
156 6
156 8
156 10
156 12
156 14
156 16
156 18
156 20
156 22
156 24
156 26
156 28
156 30
156 32
156 34
156 36
156 38
156 40
156 42
156 44
156 46
156 48
156 50
156 52
156 54
156 56
156 58
156 60
156 62
156 64
156 66
156 68
156 70
156 72
156 74
156 76
156 78
156 80
156 82
156 84
156 86
156 88
156 90
156 92
156 94
156 96
156 98
156 100
156 102
156 104
156 106
156 108
156 110
156 112
156 114
156 116
156 118
156 120
156 122
156 124
156 126
156 128
156 130
156 132
156 134
157 0
157 2
157 4
157 6
157 8
157 10
157 12
157 14
157 16
157 18
157 20
157 22
157 24
157 26
157 28
157 30
157 32
157 34
157 36
157 38
157 40
157 42
157 44
157 46
157 48
157 50
157 52
157 54
157 56
157 58
157 60
157 62
157 64
157 66
157 68
157 70
157 72
157 74
157 76
157 78
157 80
157 82
157 84
157 86
157 88
157 90
157 92
157 94
157 96
157 98
157 100
157 102
157 104
157 106
157 108
157 110
157 112
157 114
157 116
157 118
157 120
157 122
157 124
157 126
157 128
157 130
157 132
157 134
158 0
158 2
158 4
158 6
158 8
158 10
158 12
158 14
158 16
158 18
158 20
158 22
158 24
158 26
158 28
158 30
158 32
158 34
158 36
158 38
158 40
158 42
158 44
158 46
158 48
158 50
158 52
158 54
158 56
158 58
158 60
158 62
158 64
158 66
158 68
158 70
158 72
158 74
158 76
158 78
158 80
158 82
158 84
158 86
158 88
158 90
158 92
158 94
158 96
158 98
158 100
158 102
158 104
158 106
158 108
158 110
158 112
158 114
158 116
158 118
158 120
158 122
158 124
158 126
158 128
158 130
158 132
158 134
159 0
159 2
159 4
159 6
159 8
159 10
159 12
159 14
159 16
159 18
159 20
159 22
159 24
159 26
159 28
159 30
159 32
159 34
159 36
159 38
159 40
159 42
159 44
159 46
159 48
159 50
159 52
159 54
159 56
159 58
159 60
159 62
159 64
159 66
159 68
159 70
159 72
159 74
159 76
159 78
159 80
159 82
159 84
159 86
159 88
159 90
159 92
159 94
159 96
159 98
159 100
159 102
159 104
159 106
159 108
159 110
159 112
159 114
159 116
159 118
159 120
159 122
159 124
159 126
159 128
159 130
159 132
159 134
160 0
160 2
160 4
160 6
160 8
160 10
160 12
160 14
160 16
160 18
160 20
160 22
160 24
160 26
160 28
160 30
160 32
160 34
160 36
160 38
160 40
160 42
160 44
160 46
160 48
160 50
160 52
160 54
160 56
160 58
160 60
160 62
160 64
160 66
160 68
160 70
160 72
160 74
160 76
160 78
160 80
160 82
160 84
160 86
160 88
160 90
160 92
160 94
160 96
160 98
160 100
160 102
160 104
160 106
160 108
160 110
160 112
160 114
160 116
160 118
160 120
160 122
160 124
160 126
160 128
160 130
160 132
160 134
161 0
161 2
161 4
161 6
161 8
161 10
161 12
161 14
161 16
161 18
161 20
161 22
161 24
161 26
161 28
161 30
161 32
161 34
161 36
161 38
161 40
161 42
161 44
161 46
161 48
161 50
161 52
161 54
161 56
161 58
161 60
161 62
161 64
161 66
161 68
161 70
161 72
161 74
161 76
161 78
161 80
161 82
161 84
161 86
161 88
161 90
161 92
161 94
161 96
161 98
161 100
161 102
161 104
161 106
161 108
161 110
161 112
161 114
161 116
161 118
161 120
161 122
161 124
161 126
161 128
161 130
161 132
161 134
162 0
162 2
162 4
162 6
162 8
162 10
162 12
162 14
162 16
162 18
162 20
162 22
162 24
162 26
162 28
162 30
162 32
162 34
162 36
162 38
162 40
162 42
162 44
162 46
162 48
162 50
162 52
162 54
162 56
162 58
162 60
162 62
162 64
162 66
162 68
162 70
162 72
162 74
162 76
162 78
162 80
162 82
162 84
162 86
162 88
162 90
162 92
162 94
162 96
162 98
162 100
162 102
162 104
162 106
162 108
162 110
162 112
162 114
162 116
162 118
162 120
162 122
162 124
162 126
162 128
162 130
162 132
162 134
163 0
163 2
163 4
163 6
163 8
163 10
163 12
163 14
163 16
163 18
163 20
163 22
163 24
163 26
163 28
163 30
163 32
163 34
163 36
163 38
163 40
163 42
163 44
163 46
163 48
163 50
163 52
163 54
163 56
163 58
163 60
163 62
163 64
163 66
163 68
163 70
163 72
163 74
163 76
163 78
163 80
163 82
163 84
163 86
163 88
163 90
163 92
163 94
163 96
163 98
163 100
163 102
163 104
163 106
163 108
163 110
163 112
163 114
163 116
163 118
163 120
163 122
163 124
163 126
163 128
163 130
163 132
163 134
164 0
164 2
164 4
164 6
164 8
164 10
164 12
164 14
164 16
164 18
164 20
164 22
164 24
164 26
164 28
164 30
164 32
164 34
164 36
164 38
164 40
164 42
164 44
164 46
164 48
164 50
164 52
164 54
164 56
164 58
164 60
164 62
164 64
164 66
164 68
164 70
164 72
164 74
164 76
164 78
164 80
164 82
164 84
164 86
164 88
164 90
164 92
164 94
164 96
164 98
164 100
164 102
164 104
164 106
164 108
164 110
164 112
164 114
164 116
164 118
164 120
164 122
164 124
164 126
164 128
164 130
164 132
164 134
165 0
165 2
165 4
165 6
165 8
165 10
165 12
165 14
165 16
165 18
165 20
165 22
165 24
165 26
165 28
165 30
165 32
165 34
165 36
165 38
165 40
165 42
165 44
165 46
165 48
165 50
165 52
165 54
165 56
165 58
165 60
165 62
165 64
165 66
165 68
165 70
165 72
165 74
165 76
165 78
165 80
165 82
165 84
165 86
165 88
165 90
165 92
165 94
165 96
165 98
165 100
165 102
165 104
165 106
165 108
165 110
165 112
165 114
165 116
165 118
165 120
165 122
165 124
165 126
165 128
165 130
165 132
165 134
166 0
166 2
166 4
166 6
166 8
166 10
166 12
166 14
166 16
166 18
166 20
166 22
166 24
166 26
166 28
166 30
166 32
166 34
166 36
166 38
166 40
166 42
166 44
166 46
166 48
166 50
166 52
166 54
166 56
166 58
166 60
166 62
166 64
166 66
166 68
166 70
166 72
166 74
166 76
166 78
166 80
166 82
166 84
166 86
166 88
166 90
166 92
166 94
166 96
166 98
166 100
166 102
166 104
166 106
166 108
166 110
166 112
166 114
166 116
166 118
166 120
166 122
166 124
166 126
166 128
166 130
166 132
166 134
167 0
167 2
167 4
167 6
167 8
167 10
167 12
167 14
167 16
167 18
167 20
167 22
167 24
167 26
167 28
167 30
167 32
167 34
167 36
167 38
167 40
167 42
167 44
167 46
167 48
167 50
167 52
167 54
167 56
167 58
167 60
167 62
167 64
167 66
167 68
167 70
167 72
167 74
167 76
167 78
167 80
167 82
167 84
167 86
167 88
167 90
167 92
167 94
167 96
167 98
167 100
167 102
167 104
167 106
167 108
167 110
167 112
167 114
167 116
167 118
167 120
167 122
167 124
167 126
167 128
167 130
167 132
167 134
168 0
168 2
168 4
168 6
168 8
168 10
168 12
168 14
168 16
168 18
168 20
168 22
168 24
168 26
168 28
168 30
168 32
168 34
168 36
168 38
168 40
168 42
168 44
168 46
168 48
168 50
168 52
168 54
168 56
168 58
168 60
168 62
168 64
168 66
168 68
168 70
168 72
168 74
168 76
168 78
168 80
168 82
168 84
168 86
168 88
168 90
168 92
168 94
168 96
168 98
168 100
168 102
168 104
168 106
168 108
168 110
168 112
168 114
168 116
168 118
168 120
168 122
168 124
168 126
168 128
168 130
168 132
168 134
169 0
169 2
169 4
169 6
169 8
169 10
169 12
169 14
169 16
169 18
169 20
169 22
169 24
169 26
169 28
169 30
169 32
169 34
169 36
169 38
169 40
169 42
169 44
169 46
169 48
169 50
169 52
169 54
169 56
169 58
169 60
169 62
169 64
169 66
169 68
169 70
169 72
169 74
169 76
169 78
169 80
169 82
169 84
169 86
169 88
169 90
169 92
169 94
169 96
169 98
169 100
169 102
169 104
169 106
169 108
169 110
169 112
169 114
169 116
169 118
169 120
169 122
169 124
169 126
169 128
169 130
169 132
169 134
170 0
170 2
170 4
170 6
170 8
170 10
170 12
170 14
170 16
170 18
170 20
170 22
170 24
170 26
170 28
170 30
170 32
170 34
170 36
170 38
170 40
170 42
170 44
170 46
170 48
170 50
170 52
170 54
170 56
170 58
170 60
170 62
170 64
170 66
170 68
170 70
170 72
170 74
170 76
170 78
170 80
170 82
170 84
170 86
170 88
170 90
170 92
170 94
170 96
170 98
170 100
170 102
170 104
170 106
170 108
170 110
170 112
170 114
170 116
170 118
170 120
170 122
170 124
170 126
170 128
170 130
170 132
170 134
171 0
171 2
171 4
171 6
171 8
171 10
171 12
171 14
171 16
171 18
171 20
171 22
171 24
171 26
171 28
171 30
171 32
171 34
171 36
171 38
171 40
171 42
171 44
171 46
171 48
171 50
171 52
171 54
171 56
171 58
171 60
171 62
171 64
171 66
171 68
171 70
171 72
171 74
171 76
171 78
171 80
171 82
171 84
171 86
171 88
171 90
171 92
171 94
171 96
171 98
171 100
171 102
171 104
171 106
171 108
171 110
171 112
171 114
171 116
171 118
171 120
171 122
171 124
171 126
171 128
171 130
171 132
171 134
172 0
172 2
172 4
172 6
172 8
172 10
172 12
172 14
172 16
172 18
172 20
172 22
172 24
172 26
172 28
172 30
172 32
172 34
172 36
172 38
172 40
172 42
172 44
172 46
172 48
172 50
172 52
172 54
172 56
172 58
172 60
172 62
172 64
172 66
172 68
172 70
172 72
172 74
172 76
172 78
172 80
172 82
172 84
172 86
172 88
172 90
172 92
172 94
172 96
172 98
172 100
172 102
172 104
172 106
172 108
172 110
172 112
172 114
172 116
172 118
172 120
172 122
172 124
172 126
172 128
172 130
172 132
172 134
173 0
173 2
173 4
173 6
173 8
173 10
173 12
173 14
173 16
173 18
173 20
173 22
173 24
173 26
173 28
173 30
173 32
173 34
173 36
173 38
173 40
173 42
173 44
173 46
173 48
173 50
173 52
173 54
173 56
173 58
173 60
173 62
173 64
173 66
173 68
173 70
173 72
173 74
173 76
173 78
173 80
173 82
173 84
173 86
173 88
173 90
173 92
173 94
173 96
173 98
173 100
173 102
173 104
173 106
173 108
173 110
173 112
173 114
173 116
173 118
173 120
173 122
173 124
173 126
173 128
173 130
173 132
173 134
174 0
174 2
174 4
174 6
174 8
174 10
174 12
174 14
174 16
174 18
174 20
174 22
174 24
174 26
174 28
174 30
174 32
174 34
174 36
174 38
174 40
174 42
174 44
174 46
174 48
174 50
174 52
174 54
174 56
174 58
174 60
174 62
174 64
174 66
174 68
174 70
174 72
174 74
174 76
174 78
174 80
174 82
174 84
174 86
174 88
174 90
174 92
174 94
174 96
174 98
174 100
174 102
174 104
174 106
174 108
174 110
174 112
174 114
174 116
174 118
174 120
174 122
174 124
174 126
174 128
174 130
174 132
174 134
175 0
175 2
175 4
175 6
175 8
175 10
175 12
175 14
175 16
175 18
175 20
175 22
175 24
175 26
175 28
175 30
175 32
175 34
175 36
175 38
175 40
175 42
175 44
175 46
175 48
175 50
175 52
175 54
175 56
175 58
175 60
175 62
175 64
175 66
175 68
175 70
175 72
175 74
175 76
175 78
175 80
175 82
175 84
175 86
175 88
175 90
175 92
175 94
175 96
175 98
175 100
175 102
175 104
175 106
175 108
175 110
175 112
175 114
175 116
175 118
175 120
175 122
175 124
175 126
175 128
175 130
175 132
175 134
176 0
176 2
176 4
176 6
176 8
176 10
176 12
176 14
176 16
176 18
176 20
176 22
176 24
176 26
176 28
176 30
176 32
176 34
176 36
176 38
176 40
176 42
176 44
176 46
176 48
176 50
176 52
176 54
176 56
176 58
176 60
176 62
176 64
176 66
176 68
176 70
176 72
176 74
176 76
176 78
176 80
176 82
176 84
176 86
176 88
176 90
176 92
176 94
176 96
176 98
176 100
176 102
176 104
176 106
176 108
176 110
176 112
176 114
176 116
176 118
176 120
176 122
176 124
176 126
176 128
176 130
176 132
176 134
177 0
177 2
177 4
177 6
177 8
177 10
177 12
177 14
177 16
177 18
177 20
177 22
177 24
177 26
177 28
177 30
177 32
177 34
177 36
177 38
177 40
177 42
177 44
177 46
177 48
177 50
177 52
177 54
177 56
177 58
177 60
177 62
177 64
177 66
177 68
177 70
177 72
177 74
177 76
177 78
177 80
177 82
177 84
177 86
177 88
177 90
177 92
177 94
177 96
177 98
177 100
177 102
177 104
177 106
177 108
177 110
177 112
177 114
177 116
177 118
177 120
177 122
177 124
177 126
177 128
177 130
177 132
177 134
178 0
178 2
178 4
178 6
178 8
178 10
178 12
178 14
178 16
178 18
178 20
178 22
178 24
178 26
178 28
178 30
178 32
178 34
178 36
178 38
178 40
178 42
178 44
178 46
178 48
178 50
178 52
178 54
178 56
178 58
178 60
178 62
178 64
178 66
178 68
178 70
178 72
178 74
178 76
178 78
178 80
178 82
178 84
178 86
178 88
178 90
178 92
178 94
178 96
178 98
178 100
178 102
178 104
178 106
178 108
178 110
178 112
178 114
178 116
178 118
178 120
178 122
178 124
178 126
178 128
178 130
178 132
178 134
179 0
179 2
179 4
179 6
179 8
179 10
179 12
179 14
179 16
179 18
179 20
179 22
179 24
179 26
179 28
179 30
179 32
179 34
179 36
179 38
179 40
179 42
179 44
179 46
179 48
179 50
179 52
179 54
179 56
179 58
179 60
179 62
179 64
179 66
179 68
179 70
179 72
179 74
179 76
179 78
179 80
179 82
179 84
179 86
179 88
179 90
179 92
179 94
179 96
179 98
179 100
179 102
179 104
179 106
179 108
179 110
179 112
179 114
179 116
179 118
179 120
179 122
179 124
179 126
179 128
179 130
179 132
179 134
180 0
180 2
180 4
180 6
180 8
180 10
180 12
180 14
180 16
180 18
180 20
180 22
180 24
180 26
180 28
180 30
180 32
180 34
180 36
180 38
180 40
180 42
180 44
180 46
180 48
180 50
180 52
180 54
180 56
180 58
180 60
180 62
180 64
180 66
180 68
180 70
180 72
180 74
180 76
180 78
180 80
180 82
180 84
180 86
180 88
180 90
180 92
180 94
180 96
180 98
180 100
180 102
180 104
180 106
180 108
180 110
180 112
180 114
180 116
180 118
180 120
180 122
180 124
180 126
180 128
180 130
180 132
180 134
181 0
181 2
181 4
181 6
181 8
181 10
181 12
181 14
181 16
181 18
181 20
181 22
181 24
181 26
181 28
181 30
181 32
181 34
181 36
181 38
181 40
181 42
181 44
181 46
181 48
181 50
181 52
181 54
181 56
181 58
181 60
181 62
181 64
181 66
181 68
181 70
181 72
181 74
181 76
181 78
181 80
181 82
181 84
181 86
181 88
181 90
181 92
181 94
181 96
181 98
181 100
181 102
181 104
181 106
181 108
181 110
181 112
181 114
181 116
181 118
181 120
181 122
181 124
181 126
181 128
181 130
181 132
181 134
182 0
182 2
182 4
182 6
182 8
182 10
182 12
182 14
182 16
182 18
182 20
182 22
182 24
182 26
182 28
182 30
182 32
182 34
182 36
182 38
182 40
182 42
182 44
182 46
182 48
182 50
182 52
182 54
182 56
182 58
182 60
182 62
182 64
182 66
182 68
182 70
182 72
182 74
182 76
182 78
182 80
182 82
182 84
182 86
182 88
182 90
182 92
182 94
182 96
182 98
182 100
182 102
182 104
182 106
182 108
182 110
182 112
182 114
182 116
182 118
182 120
182 122
182 124
182 126
182 128
182 130
182 132
182 134
183 0
183 2
183 4
183 6
183 8
183 10
183 12
183 14
183 16
183 18
183 20
183 22
183 24
183 26
183 28
183 30
183 32
183 34
183 36
183 38
183 40
183 42
183 44
183 46
183 48
183 50
183 52
183 54
183 56
183 58
183 60
183 62
183 64
183 66
183 68
183 70
183 72
183 74
183 76
183 78
183 80
183 82
183 84
183 86
183 88
183 90
183 92
183 94
183 96
183 98
183 100
183 102
183 104
183 106
183 108
183 110
183 112
183 114
183 116
183 118
183 120
183 122
183 124
183 126
183 128
183 130
183 132
183 134
184 0
184 2
184 4
184 6
184 8
184 10
184 12
184 14
184 16
184 18
184 20
184 22
184 24
184 26
184 28
184 30
184 32
184 34
184 36
184 38
184 40
184 42
184 44
184 46
184 48
184 50
184 52
184 54
184 56
184 58
184 60
184 62
184 64
184 66
184 68
184 70
184 72
184 74
184 76
184 78
184 80
184 82
184 84
184 86
184 88
184 90
184 92
184 94
184 96
184 98
184 100
184 102
184 104
184 106
184 108
184 110
184 112
184 114
184 116
184 118
184 120
184 122
184 124
184 126
184 128
184 130
184 132
184 134
185 0
185 2
185 4
185 6
185 8
185 10
185 12
185 14
185 16
185 18
185 20
185 22
185 24
185 26
185 28
185 30
185 32
185 34
185 36
185 38
185 40
185 42
185 44
185 46
185 48
185 50
185 52
185 54
185 56
185 58
185 60
185 62
185 64
185 66
185 68
185 70
185 72
185 74
185 76
185 78
185 80
185 82
185 84
185 86
185 88
185 90
185 92
185 94
185 96
185 98
185 100
185 102
185 104
185 106
185 108
185 110
185 112
185 114
185 116
185 118
185 120
185 122
185 124
185 126
185 128
185 130
185 132
185 134
186 0
186 2
186 4
186 6
186 8
186 10
186 12
186 14
186 16
186 18
186 20
186 22
186 24
186 26
186 28
186 30
186 32
186 34
186 36
186 38
186 40
186 42
186 44
186 46
186 48
186 50
186 52
186 54
186 56
186 58
186 60
186 62
186 64
186 66
186 68
186 70
186 72
186 74
186 76
186 78
186 80
186 82
186 84
186 86
186 88
186 90
186 92
186 94
186 96
186 98
186 100
186 102
186 104
186 106
186 108
186 110
186 112
186 114
186 116
186 118
186 120
186 122
186 124
186 126
186 128
186 130
186 132
186 134
187 0
187 2
187 4
187 6
187 8
187 10
187 12
187 14
187 16
187 18
187 20
187 22
187 24
187 26
187 28
187 30
187 32
187 34
187 36
187 38
187 40
187 42
187 44
187 46
187 48
187 50
187 52
187 54
187 56
187 58
187 60
187 62
187 64
187 66
187 68
187 70
187 72
187 74
187 76
187 78
187 80
187 82
187 84
187 86
187 88
187 90
187 92
187 94
187 96
187 98
187 100
187 102
187 104
187 106
187 108
187 110
187 112
187 114
187 116
187 118
187 120
187 122
187 124
187 126
187 128
187 130
187 132
187 134
188 0
188 2
188 4
188 6
188 8
188 10
188 12
188 14
188 16
188 18
188 20
188 22
188 24
188 26
188 28
188 30
188 32
188 34
188 36
188 38
188 40
188 42
188 44
188 46
188 48
188 50
188 52
188 54
188 56
188 58
188 60
188 62
188 64
188 66
188 68
188 70
188 72
188 74
188 76
188 78
188 80
188 82
188 84
188 86
188 88
188 90
188 92
188 94
188 96
188 98
188 100
188 102
188 104
188 106
188 108
188 110
188 112
188 114
188 116
188 118
188 120
188 122
188 124
188 126
188 128
188 130
188 132
188 134
189 0
189 2
189 4
189 6
189 8
189 10
189 12
189 14
189 16
189 18
189 20
189 22
189 24
189 26
189 28
189 30
189 32
189 34
189 36
189 38
189 40
189 42
189 44
189 46
189 48
189 50
189 52
189 54
189 56
189 58
189 60
189 62
189 64
189 66
189 68
189 70
189 72
189 74
189 76
189 78
189 80
189 82
189 84
189 86
189 88
189 90
189 92
189 94
189 96
189 98
189 100
189 102
189 104
189 106
189 108
189 110
189 112
189 114
189 116
189 118
189 120
189 122
189 124
189 126
189 128
189 130
189 132
189 134
190 0
190 2
190 4
190 6
190 8
190 10
190 12
190 14
190 16
190 18
190 20
190 22
190 24
190 26
190 28
190 30
190 32
190 34
190 36
190 38
190 40
190 42
190 44
190 46
190 48
190 50
190 52
190 54
190 56
190 58
190 60
190 62
190 64
190 66
190 68
190 70
190 72
190 74
190 76
190 78
190 80
190 82
190 84
190 86
190 88
190 90
190 92
190 94
190 96
190 98
190 100
190 102
190 104
190 106
190 108
190 110
190 112
190 114
190 116
190 118
190 120
190 122
190 124
190 126
190 128
190 130
190 132
190 134
191 0
191 2
191 4
191 6
191 8
191 10
191 12
191 14
191 16
191 18
191 20
191 22
191 24
191 26
191 28
191 30
191 32
191 34
191 36
191 38
191 40
191 42
191 44
191 46
191 48
191 50
191 52
191 54
191 56
191 58
191 60
191 62
191 64
191 66
191 68
191 70
191 72
191 74
191 76
191 78
191 80
191 82
191 84
191 86
191 88
191 90
191 92
191 94
191 96
191 98
191 100
191 102
191 104
191 106
191 108
191 110
191 112
191 114
191 116
191 118
191 120
191 122
191 124
191 126
191 128
191 130
191 132
191 134
192 0
192 2
192 4
192 6
192 8
192 10
192 12
192 14
192 16
192 18
192 20
192 22
192 24
192 26
192 28
192 30
192 32
192 34
192 36
192 38
192 40
192 42
192 44
192 46
192 48
192 50
192 52
192 54
192 56
192 58
192 60
192 62
192 64
192 66
192 68
192 70
192 72
192 74
192 76
192 78
192 80
192 82
192 84
192 86
192 88
192 90
192 92
192 94
192 96
192 98
192 100
192 102
192 104
192 106
192 108
192 110
192 112
192 114
192 116
192 118
192 120
192 122
192 124
192 126
192 128
192 130
192 132
192 134
193 0
193 2
193 4
193 6
193 8
193 10
193 12
193 14
193 16
193 18
193 20
193 22
193 24
193 26
193 28
193 30
193 32
193 34
193 36
193 38
193 40
193 42
193 44
193 46
193 48
193 50
193 52
193 54
193 56
193 58
193 60
193 62
193 64
193 66
193 68
193 70
193 72
193 74
193 76
193 78
193 80
193 82
193 84
193 86
193 88
193 90
193 92
193 94
193 96
193 98
193 100
193 102
193 104
193 106
193 108
193 110
193 112
193 114
193 116
193 118
193 120
193 122
193 124
193 126
193 128
193 130
193 132
193 134
194 0
194 2
194 4
194 6
194 8
194 10
194 12
194 14
194 16
194 18
194 20
194 22
194 24
194 26
194 28
194 30
194 32
194 34
194 36
194 38
194 40
194 42
194 44
194 46
194 48
194 50
194 52
194 54
194 56
194 58
194 60
194 62
194 64
194 66
194 68
194 70
194 72
194 74
194 76
194 78
194 80
194 82
194 84
194 86
194 88
194 90
194 92
194 94
194 96
194 98
194 100
194 102
194 104
194 106
194 108
194 110
194 112
194 114
194 116
194 118
194 120
194 122
194 124
194 126
194 128
194 130
194 132
194 134
195 0
195 2
195 4
195 6
195 8
195 10
195 12
195 14
195 16
195 18
195 20
195 22
195 24
195 26
195 28
195 30
195 32
195 34
195 36
195 38
195 40
195 42
195 44
195 46
195 48
195 50
195 52
195 54
195 56
195 58
195 60
195 62
195 64
195 66
195 68
195 70
195 72
195 74
195 76
195 78
195 80
195 82
195 84
195 86
195 88
195 90
195 92
195 94
195 96
195 98
195 100
195 102
195 104
195 106
195 108
195 110
195 112
195 114
195 116
195 118
195 120
195 122
195 124
195 126
195 128
195 130
195 132
195 134
196 0
196 2
196 4
196 6
196 8
196 10
196 12
196 14
196 16
196 18
196 20
196 22
196 24
196 26
196 28
196 30
196 32
196 34
196 36
196 38
196 40
196 42
196 44
196 46
196 48
196 50
196 52
196 54
196 56
196 58
196 60
196 62
196 64
196 66
196 68
196 70
196 72
196 74
196 76
196 78
196 80
196 82
196 84
196 86
196 88
196 90
196 92
196 94
196 96
196 98
196 100
196 102
196 104
196 106
196 108
196 110
196 112
196 114
196 116
196 118
196 120
196 122
196 124
196 126
196 128
196 130
196 132
196 134
197 0
197 2
197 4
197 6
197 8
197 10
197 12
197 14
197 16
197 18
197 20
197 22
197 24
197 26
197 28
197 30
197 32
197 34
197 36
197 38
197 40
197 42
197 44
197 46
197 48
197 50
197 52
197 54
197 56
197 58
197 60
197 62
197 64
197 66
197 68
197 70
197 72
197 74
197 76
197 78
197 80
197 82
197 84
197 86
197 88
197 90
197 92
197 94
197 96
197 98
197 100
197 102
197 104
197 106
197 108
197 110
197 112
197 114
197 116
197 118
197 120
197 122
197 124
197 126
197 128
197 130
197 132
197 134
198 0
198 2
198 4
198 6
198 8
198 10
198 12
198 14
198 16
198 18
198 20
198 22
198 24
198 26
198 28
198 30
198 32
198 34
198 36
198 38
198 40
198 42
198 44
198 46
198 48
198 50
198 52
198 54
198 56
198 58
198 60
198 62
198 64
198 66
198 68
198 70
198 72
198 74
198 76
198 78
198 80
198 82
198 84
198 86
198 88
198 90
198 92
198 94
198 96
198 98
198 100
198 102
198 104
198 106
198 108
198 110
198 112
198 114
198 116
198 118
198 120
198 122
198 124
198 126
198 128
198 130
198 132
198 134
199 0
199 2
199 4
199 6
199 8
199 10
199 12
199 14
199 16
199 18
199 20
199 22
199 24
199 26
199 28
199 30
199 32
199 34
199 36
199 38
199 40
199 42
199 44
199 46
199 48
199 50
199 52
199 54
199 56
199 58
199 60
199 62
199 64
199 66
199 68
199 70
199 72
199 74
199 76
199 78
199 80
199 82
199 84
199 86
199 88
199 90
199 92
199 94
199 96
199 98
199 100
199 102
199 104
199 106
199 108
199 110
199 112
199 114
199 116
199 118
199 120
199 122
199 124
199 126
199 128
199 130
199 132
199 134
